4500434
4501480
4501664
4501972
4509765
4509815
4511682
4514635
4515275
4543094
4544998
4546087
4546867
4551606
4552881
4553411
4554939
4557128
4559257
4559428
4570388
4571287
4580052
4580127
4581996
4585113
4588750
4589970
4590129
4593506
4594759
4595589
4603123
4603700
4617905
4623442
4625832
4627727
4632236
4633686
4635819
4639653
4646103
4646309
4653838
4655361
4658934
4665458
4668981
4669224
4669883
4670059
4674194
4678395
4689117
4689335
4692711
4695939
4696106
4697808
4698420
4703854
4709611
4715216
4718400
4722709
4723509
4730526
4731795
4746128
4746837
4761875
4766578
4770438
4773375
4774343
4777006
4779773
4781050
4781271
4783706
4785675
4786466
4799399
4807189
4809895
4809978
4811273
4817476
4818129
4818683
4824117
4827430
4830055
4831860
4837465
4839899
4839995
4843043
4845118
4848211
4853651
4856225
4856915
4870320
4873290
4873832
4878338
4880826
4885708
4886768
4888796
4893465
4897263
4899855
4902328
4903192
4903225
4903416
4913093
4915407
4921407
4922537
4925504
4927491
4927983
4930765
4932845
4938042
4938724
4939354
4941255
4943703
4947076
4953568
4955018
4960198
4965065
4971096
4979047
4980264
4981948
4985482
4986339
4990491
4991556
4992466
4992521
4996977
4997155
5007900
5013436
5015515
5030579
5031660
5036659
5040325
5042902
5045860
5050671
5067911
5079318
5092623
5097129
5108563
5113504
5118605
5126634
5126822
5127843
5138437
5140026
5142679
5146098
5150263
5156191
5159800
5160790
5162511
5163127
5171673
5180670
5185275
5188521
5192260
5193829
5202002
5204030
5207306
5207505
5220214
5227442
5230409
5232141
5235957
5236738
5246513
5249557
5259619
5259663
5263418
5270727
5271152
5284780
5287294
5287463
5290572
5291146
5292123
5296115
5302085
5305816
5306047
5315313
5316952
5318532
5322636
5322797
5323417
5328691
5330181
5336246
5344214
5344576
5344784
5348621
5356715
5357916
5360767
5363359
5370723
5375412
5380066
5382116
5382962
5384676
5392421
5392947
5395547
5396394
5403023
5406858
5409223
5410403
5411833
5412875
5413071
5415032
5425934
5429471
5434445
5437711
5445017
5446613
5448194
5450050
5451145
5457706
5457894
5465521
5467282
5467513
5469475
5471108
5475694
5476079
5478264
5480198
5482806
5483719
5493905
5499457
5502047
5518399
5520708
5528699
5529319
5529684
5534711
5535116
5535234
5543899
5554716
5559787
5560838
5572881
5573859
5574531
5579544
5590637
5592856
5595226
5597230
5604256
5604287
5618550
5622885
5623550
5629582
5632524
5636253
5641695
5644869
5644986
5645506
5646557
5658196
5665758
5668531
5670854
5675111
5675424
5675578
5687329
5688593
5695679
5704368
5706283
5711623
5711739
5716316
5723371
5728581
5730756
5733858
5734501
5738771
5739520
5741762
5744707
5751092
5751391
5751802
5753522
5757480
5759117
5759563
5761301
5762758
5764457
5765846
5766504
5770415
5770965
5772469
5772740
5773755
5778126
5781644
5782417
5783838
5786051
5790709
5791009
5799349
5800736
5806563
5809881
5811566
5812335
5818831
5818886
5818942
5825429
5826774
5827686
5829563
5833685
5836137
5836225
5836845
5839229
5840571
5841139
5842925
5843129
5843596
5846006
5846065
5850551
5854868
5855478
5855795
5858145
5860951
5861835
5871326
5871375
5871750
5872069
5874658
5876045
5879064
5879167
5882447
5888331
5889144
5893483
5898437
5899627
5910191
5910849
5913381
5917474
5921398
5927793
5928363
5928833
5936264
5940490
5946225
5947319
5949721
5951784
5958703
5967205
5988843
5997276
5997654
6000239
6002502
6009002
6011059
6011545
6012943
6020072
6023168
