1373515
1374534
1383644
1044591
1385113
1395344
1401276
1404161
1407056
1413185
1415068
1418064
1423894
1433567
1046059
1433578
1435619
1438159
1448322
1449365
1452082
1458190
1459299
1460001
1461775
1047195
1462572
1466739
1471779
1476203
1478965
1490524
1490581
1004084
1500580
1510616
1514466
1049443
1514550
1515760
1517664
1519911
1529024
1530763
1530801
1542244
1546429
1548930
1051274
1554414
1555177
1564194
1565170
1565188
1565675
1568566
1577867
1578750
1587726
1056367
1588128
1591628
1603329
1605070
1612326
1619034
1620991
1621731
1635603
1637220
1059315
1640147
1640159
1643321
1644253
1648086
1648497
1649412
1660048
1660274
1667923
1064870
1670410
1672408
1680191
1680743
1683833
1686131
1688118
1692019
1692225
1694001
1067451
1694263
1697873
1699161
1700693
1701048
1704229
1707603
1708706
1717486
1718376
1068896
1718535
1718898
1720218
1731313
1733759
1734177
1739033
1740624
1741412
1747003
1069248
1747074
1747087
1748454
1753347
1757520
1757869
1761226
1766426
1767701
1775022
1070066
1775752
1777039
1779945
1782408
1784406
1784797
1787877
1789580
1791361
1079946
1795551
1797671
1802272
1812166
1814242
1820225
1010063
1821638
1823366
1824999
1081575
1826215
1840849
1843650
1854112
1855395
1859682
1866611
1868013
1869750
1870035
1082081
1872239
1878554
1881188
1881305
1881596
1886004
1888230
1898919
1903382
1907437
1088867
1907979
1909147
1916493
1922290
1925486
1928713
1934564
1938663
1948092
1950776
1094097
1952620
1953314
1954770
1960069
1967521
1967789
1970113
1971014
1971434
1094863
1973271
1980077
1984276
1986170
1996957
2002109
2003340
2010902
2011780
2012264
1099576
2014265
2018012
2020795
2022807
2024120
2028923
2029461
2032443
2036553
2037446
1102269
2040644
2041761
2042695
2042815
2043026
2052924
2059368
1104970
2066552
2074667
2083779
2088423
2092327
1107896
2093156
2099599
2101103
2110376
2116632
2119047
1109380
2122827
2129299
2130832
2133523
1014782
2159627
1118533
2164577
2180093
2202515
1118594
2213361
2216855
2227139
2240374
1121287
2243740
2247407
2249381
2250378
2260446
2282262
1123655
2285082
2286718
2289902
2290738
2299842
2299869
2299923
1127408
2304209
2305754
1131195
2325355
2328401
1131592
1135409
1139674
1147753
1016215
1152209
1154845
1155543
1159348
1160712
1162494
1165699
1166260
1169126
1174136
1022531
1197412
1200818
1201021
1210085
1223129
1223893
1226325
1227763
1228253
1228413
1024530
1231826
1239087
1245783
1247311
