1791039
1810999
1953496
2043333
2044417
2056012
2059571
2064788
2073526
2086429
2087084
2102074
2116893
2118123
2118809
2124259
2126444
2140888
2142290
2154388
2163068
2176682
2186190
2188033
2191734
2191752
2195804
2217169
2228554
2229287
2235300
2237080
2238503
2241071
2266937
2270465
2281953
2290985
2292478
2293897
2301111
2306272
2307018
2314619
2314891
2319361
2322910
2325086
2334901
2335125
2345957
2346506
2347397
2347664
2350670
2352732
2357444
2371772
2372311
2374692
2375555
2380642
2381488
2388197
2389055
2389398
2392597
2393017
2393732
2406589
2407359
2410863
2417072
2418286
2418526
2423181
2425244
2428539
2433367
2438872
2441129
2442954
2451075
2452749
2463011
2465777
2467571
2469984
2471475
2473963
2475032
2480589
2480686
2482440
2483372
2484069
2484540
2486420
2486459
2491766
2501847
2508129
2513438
2513932
2514274
2518293
2520971
2521219
2532206
2536204
2536961
2543348
2546539
2553111
2555384
2558258
2562887
2564184
2564824
2567086
2572221
2576795
2578175
2589177
2596053
2597531
2598454
2603394
2603635
2605214
2607559
2613908
2615695
2616733
2618015
2618605
2618873
2623827
2628477
2629282
2631546
2637243
2637926
2638690
2647072
2647141
2660010
2662476
2671400
2684405
2685341
2690205
2692108
2697407
2700333
2700710
2704021
2704773
2709278
2710421
2714489
2719209
2720895
2724573
2725761
2733589
2734339
2736462
2738477
2739991
2745782
2752782
2758714
2759506
2762043
2767069
2769362
2769687
2770033
2771183
2776965
2777062
2784408
2788943
2796504
2796959
2799500
2801597
2804272
2805566
2807094
2810739
2812951
2817049
2819662
2821644
2826239
2829371
2831139
2833024
2833090
2840730
2842912
2843092
2844245
2844289
2848610
2856093
2858738
2860474
2863955
2873667
2883186
2890550
2892682
2893600
2897276
2898991
2903964
2906997
2914741
2915843
2917032
2922504
2924789
2925874
2931346
2931731
2936817
2946782
2953667
2955413
2959115
2960464
2965865
2970850
2973647
2978150
2980757
2980870
2980960
2981556
2983963
2991448
2992293
2998825
2998887
3000539
3002740
3010742
3018575
3022964
3023627
3025182
3027363
3037796
3042922
3049680
3054590
3060722
3061001
3070284
3075635
3076133
3080605
3083040
3085274
3085683
3086970
3092063
3097360
3102622
3102962
3103432
3104115
3105170
3126452
3128253
3129046
3129112
3132180
3135924
3138250
3143233
3147454
3154083
3157113
3159082
3163268
3166533
3171427
3175161
3179173
3179533
3180914
3183069
3183166
3195077
3198859
3200268
