1004084
1010063
1014782
1016215
1022531
1024530
1027606
1035308
1040198
1044591
1046059
1047195
1049443
1051274
1056367
1059315
1064870
1067451
1068896
1069248
1070066
1079946
1081575
1082081
1088867
1094097
1094863
1099576
1102269
1104970
1107896
1109380
1118533
1118594
1121287
1123655
1127408
1131195
1131592
1135409
1139674
1147753
1152209
1154845
1155543
1159348
1160712
1162494
1165699
1166260
1169126
1174136
1197412
1200818
1201021
1210085
1223129
1223893
1226325
1227763
1228253
1228413
1231826
1239087
1245783
1247311
1247795
1252842
1261552
1266732
1269086
1269510
1271087
1271211
1274197
1277585
1281350
1284741
1285816
1289287
1290010
1293173
1293732
1296911
1301125
1306017
1315194
1316780
1317113
1322229
1343253
1352565
1354038
1356965
1367169
1367907
1369997
1370790
1371966
1373515
1374534
1383644
1385113
1395344
1401276
1404161
1407056
1413185
1415068
1418064
1423894
1433567
1433578
1435619
1438159
1448322
1449365
1452082
1458190
1459299
1460001
1461775
1462572
1466739
1471779
1476203
1478965
1490524
1490581
1500580
1510616
1514466
1514550
1515760
1517664
1519911
1529024
1530763
1530801
1542244
1546429
1548930
1554414
1555177
1564194
1565170
1565188
1565675
1568566
1577867
1578750
1587726
1588128
1591628
1603329
1605070
1612326
1619034
1620991
1621731
1635603
1637220
1640147
1640159
1643321
1644253
1648086
1648497
1649412
1660048
1660274
1667923
1670410
1672408
1680191
1680743
1683833
1686131
1688118
1692019
1692225
1694001
1694263
1697873
1699161
1700693
1701048
1704229
1707603
1708706
1717486
1718376
1718535
1718898
1720218
1731313
1733759
1734177
1739033
1740624
1741412
1747003
1747074
1747087
1748454
1753347
1757520
1757869
1761226
1766426
1767701
1775022
1775752
1777039
1779945
1782408
1784406
1784797
1787877
1789580
1791039
1791361
1795551
1797671
1802272
1810999
1812166
1814242
1820225
1821638
1823366
1824999
1826215
1840849
1843650
1854112
1855395
1859682
1866611
1868013
1869750
1870035
1872239
1878554
1881188
1881305
1881596
1886004
1888230
1898919
1903382
1907437
1907979
1909147
1916493
1922290
1925486
1928713
1934564
1938663
1948092
1950776
1952620
1953314
1953496
1954770
1960069
1967521
1967789
1970113
1971014
1971434
1973271
1980077
1984276
1986170
1996957
2002109
2003340
2010902
2011780
2012264
2014265
2018012
2020795
2022807
2024120
2028923
2029461
2032443
2036553
2037446
2040644
2041761
2042695
2042815
2043026
2043333
2044417
2052924
2056012
2059368
2059571
2064788
2066552
2073526
2074667
2083779
2086429
2087084
2088423
2092327
2093156
2099599
2101103
2102074
2110376
2116632
2116893
2118123
2118809
2119047
2122827
2124259
2126444
2129299
2130832
2133523
2140888
2142290
2154388
2159627
2163068
2164577
2176682
2180093
2186190
2188033
2191734
2191752
2195804
2202515
2213361
2216855
2217169
2227139
2228554
2229287
2235300
2237080
2238503
2240374
2241071
2243740
2247407
2249381
2250378
2260446
2266937
2270465
2281953
2282262
2285082
2286718
2289902
2290738
2290985
2292478
2293897
2299842
2299869
2299923
2301111
2304209
2305754
2306272
2307018
2314619
2314891
2319361
2322910
2325086
2325355
2328401
2334901
2335125
2345957
2346506
2347397
2347664
2350670
2352732
2357444
2371772
2372311
2374692
2375555
2380642
2381488
2388197
2389055
2389398
2392597
2393017
2393732
2406589
2407359
2410863
2417072
2418286
2418526
2423181
2425244
2428539
2433367
2438872
2441129
2442954
2451075
2452749
2463011
2465777
2467571
2469984
2471475
2473963
2475032
2480589
2480686
2482440
2483372
2484069
2484540
2486420
2486459
2491766
2501847
2508129
2513438
2513932
2514274
2518293
2520971
2521219
2532206
2536204
2536961
2543348
2546539
2553111
2555384
2558258
2562887
2564184
2564824
2567086
2572221
2576795
2578175
2589177
2596053
2597531
2598454
2603394
2603635
2605214
2607559
2613908
2615695
2616733
2618015
2618605
2618873
2623827
2628477
2629282
2631546
2637243
2637926
2638690
2647072
2647141
2660010
2662476
2671400
2684405
2685341
2690205
2692108
2697407
2700333
2700710
2704021
2704773
2709278
2710421
2714489
2719209
2720895
2724573
2725761
2733589
2734339
2736462
2738477
2739991
2745782
2752782
2758714
2759506
2762043
2767069
2769362
2769687
2770033
2771183
2776965
2777062
2784408
2788943
2796504
2796959
2799500
2801597
2804272
2805566
2807094
2810739
2812951
2817049
2819662
2821644
2826239
2829371
2831139
2833024
2833090
2840730
2842912
2843092
2844245
2844289
2848610
2856093
2858738
2860474
2863955
2873667
2883186
2890550
2892682
2893600
2897276
2898991
2903964
2906997
2914741
2915843
2917032
2922504
2924789
2925874
2931346
2931731
2936817
2946782
2953667
2955413
2959115
2960464
2965865
2970850
2973647
2978150
2980757
2980870
2980960
2981556
2983963
2991448
2992293
2998825
2998887
3000539
3002740
3010742
3018575
3022964
3023627
3025182
3027363
3037796
3042922
3049680
3054590
3060722
3061001
3070284
3075635
3076133
3080605
3083040
3085274
3085683
3086970
3092063
3097360
3102622
3102962
3103432
3104115
3105170
3126452
3128253
3129046
3129112
3132180
3135924
3138250
3143233
3147454
3154083
3157113
3159082
3163268
3166533
3171427
3175161
3179173
3179533
3180914
3183069
3183166
3195077
3198859
3200268
3201285
3201348
3206505
3211413
3211862
3212209
3213608
3214549
3220141
3220780
3228909
3232094
3239964
3241016
3245933
3248758
3249387
3250005
3250064
3250154
3250587
3250770
3255299
3263172
3264320
3267319
3271940
3272268
3274945
3280950
3283196
3283278
3289654
3293439
3299080
3301085
3306644
3307460
3308826
3321758
3324602
3325526
3332493
3336189
3336491
3337140
3343779
3350798
3350841
3353265
3354173
3356258
3359424
3361898
3362498
3367096
3367128
3368515
3379447
3385059
3387571
3392033
3392214
3393568
3393674
3394050
3394208
3400450
3402230
3409676
3410246
3414608
3416092
3424414
3427124
3427374
3433729
3442499
3449316
3449321
3452712
3458389
3461959
3466926
3470273
3472518
3476570
3477241
3480160
3492314
3495224
3509926
3510311
3513458
3513866
3514449
3518709
3518998
3526581
3528064
3529529
3537329
3540334
3546971
3547616
3550181
3554834
3555290
3555482
3563963
3564149
3564533
3573973
3574342
3577384
3579939
3583642
3588526
3589441
3592633
3598614
3603350
3617044
3617143
3623812
3623831
3624844
3625173
3632406
3633006
3633205
3635211
3638179
3641592
3642393
3643072
3644909
3649844
3651482
3652497
3655716
3663013
3667357
3667746
3667767
3669061
3672392
3677393
3678366
3690924
3692962
3706231
3706913
3717054
3719143
3724042
3724854
3727694
3728931
3731172
3733805
3733942
3736613
3737743
3739284
3745873
3750787
3755659
3758821
3765223
3771870
3779110
3783117
3786076
3787727
3793896
3795890
3799334
3801777
3802010
3807050
3809677
3814742
3816165
3819015
3824641
3830078
3831905
3835338
3838614
3839386
3842078
3844118
3844395
3846226
3848048
3851208
3854166
3858783
3862504
3865905
3874187
3875898
3883845
3889408
3901449
3914136
3915360
3921777
3926316
3928289
3933332
3939812
3940078
3943260
3948084
3949402
3951331
3951861
3952493
3954311
3961026
3966181
3977829
3980409
3991590
3992201
3993511
3994289
3999375
3999862
4002113
4006068
4006812
4008469
4022577
4027868
4036080
4036459
4046815
4060505
4063406
4066176
4067521
4071544
4073840
4084234
4085846
4094242
4097987
4099180
4102052
4112626
4114860
4115321
4128857
4134270
4134467
4136018
4136216
4140417
4143764
4147987
4148075
4150128
4155949
4158817
4168964
4181761
4183102
4189586
4195193
4196122
4200204
4207640
4209128
4214275
4216304
4216970
4228113
4231097
4231479
4232501
4234911
4240641
4243053
4246551
4246713
4248263
4249191
4257271
4260378
4264368
4266921
4267257
4267264
4267279
4268834
4271164
4271304
4274649
4282777
4284266
4285399
4287959
4290953
4293120
4297333
4303229
4307029
4308379
4309653
4311743
4312968
4315207
4316235
4317175
4325446
4326126
4327384
4327758
4329314
4339222
4340344
4340795
4345364
4348672
4357743
4362441
4366959
4374113
4380091
4386932
4388569
4391855
4392158
4392175
4394239
4398545
4400133
4402240
4402597
4410022
4412666
4413598
4417431
4438362
4445411
4448270
4453848
4458062
4460890
4462332
4464282
4467549
4472564
4476034
4476515
4479684
4479737
4484842
4489463
4490253
4495421
4500434
4501480
4501664
4501972
4509765
4509815
4511682
4514635
4515275
4543094
4544998
4546087
4546867
4551606
4552881
4553411
4554939
4557128
4559257
4559428
4570388
4571287
4580052
4580127
4581996
4585113
4588750
4589970
4590129
4593506
4594759
4595589
4603123
4603700
4617905
4623442
4625832
4627727
4632236
4633686
4635819
4639653
4646103
4646309
4653838
4655361
4658934
4665458
4668981
4669224
4669883
4670059
4674194
4678395
4689117
4689335
4692711
4695939
4696106
4697808
4698420
4703854
4709611
4715216
4718400
4722709
4723509
4730526
4731795
4746128
4746837
4761875
4766578
4770438
4773375
4774343
4777006
4779773
4781050
4781271
4783706
4785675
4786466
4799399
4807189
4809895
4809978
4811273
4817476
4818129
4818683
4824117
4827430
4830055
4831860
4837465
4839899
4839995
4843043
4845118
4848211
4853651
4856225
4856915
4870320
4873290
4873832
4878338
4880826
4885708
4886768
4888796
4893465
4897263
4899855
4902328
4903192
4903225
4903416
4913093
4915407
4921407
4922537
4925504
4927491
4927983
4930765
4932845
4938042
4938724
4939354
4941255
4943703
4947076
4953568
4955018
4960198
4965065
4971096
4979047
4980264
4981948
4985482
4986339
4990491
4991556
4992466
4992521
4996977
4997155
5007900
5013436
5015515
5030579
5031660
5036659
5040325
5042902
5045860
5050671
5067911
5079318
5092623
5097129
5108563
5113504
5118605
5126634
5126822
5127843
5138437
5140026
5142679
5146098
5150263
5156191
5159800
5160790
5162511
5163127
5171673
5180670
5185275
5188521
5192260
5193829
5202002
5204030
5207306
5207505
5220214
5227442
5230409
5232141
5235957
5236738
5246513
5249557
5259619
5259663
5263418
5270727
5271152
5284780
5287294
5287463
5290572
5291146
5292123
5296115
5302085
5305816
5306047
5315313
5316952
5318532
5322636
5322797
5323417
5328691
5330181
5336246
5344214
5344576
5344784
5348621
5356715
5357916
5360767
5363359
5370723
5375412
5380066
5382116
5382962
5384676
5392421
5392947
5395547
5396394
5403023
5406858
5409223
5410403
5411833
5412875
5413071
5415032
5425934
5429471
5434445
5437711
5445017
5446613
5448194
5450050
5451145
5457706
5457894
5465521
5467282
5467513
5469475
5471108
5475694
5476079
5478264
5480198
5482806
5483719
5493905
5499457
5502047
5518399
5520708
5528699
5529319
5529684
5534711
5535116
5535234
5543899
5554716
5559787
5560838
5572881
5573859
5574531
5579544
5590637
5592856
5595226
5597230
5604256
5604287
5618550
5622885
5623550
5629582
5632524
5636253
5641695
5644869
5644986
5645506
5646557
5658196
5665758
5668531
5670854
5675111
5675424
5675578
5687329
5688593
5695679
5704368
5706283
5711623
5711739
5716316
5723371
5728581
5730756
5733858
5734501
5738771
5739520
5741762
5744707
5751092
5751391
5751802
5753522
5757480
5759117
5759563
5761301
5762758
5764457
5765846
5766504
5770415
5770965
5772469
5772740
5773755
5778126
5781644
5782417
5783838
5786051
5790709
5791009
5799349
5800736
5806563
5809881
5811566
5812335
5818831
5818886
5818942
5825429
5826774
5827686
5829563
5833685
5836137
5836225
5836845
5839229
5840571
5841139
5842925
5843129
5843596
5846006
5846065
5850551
5854868
5855478
5855795
5858145
5860951
5861835
5871326
5871375
5871750
5872069
5874658
5876045
5879064
5879167
5882447
5888331
5889144
5893483
5898437
5899627
5910191
5910849
5913381
5917474
5921398
5927793
5928363
5928833
5936264
5940490
5946225
5947319
5949721
5951784
5958703
5967205
5988843
5997276
5997654
6000239
6002502
6009002
6011059
6011545
6012943
6020072
6023168
