1000635
1004084
1008391
1010063
1010129
1010477
1010994
1013184
1013774
1014782
1016215
1018487
1019365
1020223
1022115
1022531
1024530
1027606
1027969
1029866
1033784
1034566
1035308
1036042
1038915
1040198
1042615
1043451
1044591
1046059
1046292
1046795
1047195
1047541
1047592
1048670
1049443
1050297
1051274
1053744
1056367
1058336
1059315
1061791
1062670
1064870
1065684
1066136
1066544
1067451
1068896
1069248
1070066
1073729
1074166
1079286
1079946
1080079
1081575
1082081
1083126
1085045
1086848
1087534
1087948
1088867
1091740
1092127
1094097
1094863
1095943
1099576
1102269
1104970
1107896
1109380
1111688
1114069
1115357
1115713
1115767
1118533
1118594
1119452
1120451
1121090
1121287
1121504
1123655
1125554
1127408
1131195
1131592
1135409
1139674
1141779
1141865
1143461
1145166
1146188
