3289654
3293439
3299080
3301085
3306644
3307460
3308826
3321758
3324602
3325526
3332493
3336189
3336491
3337140
3343779
3350798
3350841
3353265
3354173
3356258
3359424
3361898
3362498
3367096
3367128
3368515
3379447
3385059
3387571
3392033
3392214
3393568
3393674
3394050
3394208
3400450
3402230
3409676
3410246
3414608
3416092
3424414
3427124
3427374
3433729
3442499
3449316
3449321
3452712
3458389
3461959
3466926
3470273
3472518
3476570
3477241
3480160
3492314
3495224
3509926
3510311
3513458
3513866
3514449
3518709
3518998
3526581
3528064
3529529
3537329
3540334
3546971
3547616
3550181
3554834
3555290
3555482
3563963
3564149
3564533
3573973
3574342
3577384
3579939
3583642
3588526
3589441
3592633
3598614
3603350
3617044
3617143
3623812
3623831
3624844
3625173
3632406
3633006
3633205
3635211
3638179
3641592
3642393
3643072
3644909
3649844
3651482
3652497
3655716
3663013
3667357
3667746
3667767
3669061
3672392
3677393
3678366
3690924
3692962
3706231
3706913
3717054
3719143
3724042
3724854
3727694
3728931
3731172
3733805
3733942
3736613
3737743
3739284
3745873
3750787
3755659
3758821
3765223
3771870
3779110
3783117
3786076
3787727
3793896
3795890
3799334
3801777
3802010
3807050
3809677
3814742
3816165
3819015
3824641
3830078
3831905
3835338
3838614
3839386
3842078
3844118
3844395
3846226
3848048
3851208
3854166
3858783
3862504
3865905
3874187
3875898
3883845
3889408
3901449
3914136
3915360
3921777
3926316
3928289
3933332
3939812
3940078
3943260
3948084
3949402
3951331
3951861
3952493
3954311
3961026
3966181
3977829
3980409
3991590
3992201
3993511
3994289
3999375
3999862
4002113
4006068
4006812
4008469
4022577
4027868
4036080
4036459
4046815
4060505
4063406
4066176
4067521
4071544
4073840
4084234
4085846
4094242
4097987
4099180
4102052
4112626
4114860
4115321
4128857
4134270
4134467
4136018
4136216
4140417
4143764
4147987
4148075
4150128
4155949
4158817
4168964
4181761
4183102
4189586
4195193
4196122
4200204
4207640
4209128
4214275
4216304
4216970
4228113
4231097
4231479
4232501
4234911
4240641
4243053
4246551
4246713
4248263
4249191
4257271
4260378
4264368
4266921
4267257
4267264
4267279
4268834
4271164
4271304
4274649
4282777
4284266
4285399
4287959
4290953
4293120
4297333
4303229
4307029
4308379
4309653
4311743
4312968
4315207
4316235
4317175
4325446
4326126
4327384
4327758
4329314
4339222
4340344
4340795
4345364
4348672
4357743
4362441
4366959
4374113
4380091
