1247795
1252842
1261552
1266732
1269086
1269510
1027606
1271087
1271211
1274197
1277585
1281350
1284741
1285816
1289287
1290010
1293173
1035308
1293732
1296911
1301125
1306017
1315194
1316780
1317113
1322229
1343253
1352565
1040198
1354038
1356965
1367169
1367907
1369997
1370790
1371966
3201285
3201348
3206505
3211413
3211862
3212209
3213608
3214549
3220141
3220780
3228909
3232094
3239964
3241016
3245933
3248758
3249387
3250005
3250064
3250154
3250587
3250770
3255299
3263172
3264320
3267319
3271940
3272268
3274945
3280950
3283196
3283278
4386932
4388569
4391855
4392158
4392175
4394239
4398545
4400133
4402240
4402597
4410022
4412666
4413598
4417431
4438362
4445411
4448270
4453848
4458062
4460890
4462332
4464282
4467549
4472564
4476034
4476515
4479684
4479737
4484842
4489463
4490253
4495421
5636253
5641695
5644869
5644986
5645506
5646557
5658196
5665758
5668531
5670854
5675111
5675424
5675578
5687329
5688593
5695679
5704368
5706283
5711623
5711739
5716316
5723371
5728581
5730756
5733858
5734501
5738771
5739520
5741762
5744707
5751092
5751391
5751802
5753522
5757480
5759117
5759563
5761301
5762758
5764457
5765846
5766504
5770415
5770965
5772469
5772740
5773755
5778126
5781644
5782417
5783838
5786051
5790709
5791009
5799349
5800736
5806563
5809881
5811566
5812335
5818831
5818886
5818942
5825429
5826774
5827686
5829563
5833685
5836137
5836225
5836845
5839229
5840571
5841139
5842925
5843129
5843596
5846006
5846065
5850551
5854868
5855478
5855795
5858145
5860951
5861835
5871326
5871375
5871750
5872069
5874658
5876045
5879064
5879167
5882447
5888331
5889144
5893483
5898437
5899627
5910191
5910849
5913381
5917474
5921398
5927793
5928363
5928833
5936264
5940490
5946225
5947319
5949721
5951784
5958703
5967205
5988843
5997276
5997654
6000239
6002502
6009002
6011059
6011545
6012943
6020072
6023168
