1000635
1004084
1008391
1010063
1010129
1010477
1010994
1013184
1013774
1014782
1016215
1018487
1019365
1020223
1022115
1022531
1024530
1027606
1027969
1029866
1033784
1034566
1035308
1036042
1038915
1040198
1042615
1043451
1044591
1046059
1046292
1046795
1047195
1047541
1047592
1048670
1049443
1050297
1051274
1053744
1056367
1058336
1059315
1061791
1062670
1064870
1065684
1066136
1066544
1067451
1068896
1069248
1070066
1073729
1074166
1079286
1079946
1080079
1081575
1082081
1083126
1085045
1086848
1087534
1087948
1088867
1091740
1092127
1094097
1094863
1095943
1099576
1102269
1104970
1107896
1109380
1111688
1114069
1115357
1115713
1115767
1118533
1118594
1119452
1120451
1121090
1121287
1121504
1123655
1125554
1127408
1131195
1131592
1135409
1139674
1141779
1141865
1143461
1145166
1146188
1147753
1151478
1152209
1154845
1155543
1159348
1160712
1162494
1163015
1163552
1165699
1166260
1167356
1169126
1169886
1171099
1172460
1173083
1174136
1175110
1177732
1180824
1183734
1183906
1193370
1197139
1197412
1199573
1200818
1201021
1205893
1205908
1206186
1209264
1210085
1214280
1219614
1223036
1223129
1223893
1224073
1224380
1226325
1226400
1227763
1228253
1228413
1230504
1231330
1231433
1231826
1231832
1232945
1238073
1239087
1239275
1244577
1244691
1245783
1247288
1247311
1247795
1250068
1250501
1252343
1252842
1255763
1259187
1259499
1259679
1260649
1261413
1261552
1266061
1266246
1266732
1268565
1269086
1269510
1271087
1271166
1271211
1272589
1273625
1274197
1277585
1281350
1282399
1284741
1285816
1286383
1288016
1289114
1289287
1290010
1290038
1290846
1293173
1293732
1295554
1296911
1301125
1301454
1306017
1307692
1307925
1308382
1310208
1310300
1311176
1312887
1313428
1314742
1315194
1316504
1316780
1317113
1319292
1319972
1321260
1322229
1324898
1328434
1329803
1334251
1339114
1341249
1342521
1343253
1349463
1350698
1351580
1352537
1352565
1354038
1354634
1356459
1356965
1358377
1362398
1364318
1367169
1367907
1368707
1369049
1369723
1369997
1370790
1371048
1371966
1373515
1374480
1374534
1376647
1383644
1385113
1387781
1390364
1394509
1395142
1395344
1396220
1399159
1401276
1402208
1403386
1403477
1404161
1406560
1407056
1408885
1411947
1412967
1413185
1415068
1416723
1418064
1421215
1423894
1424880
1428093
1431231
1431387
1432192
1433567
1433578
1435619
1438159
1439682
1443592
1448243
1448322
1449365
1450075
1452082
1457291
1458190
1459299
1460001
1461061
1461775
1462572
1466739
1469024
1471779
1472711
1474168
1476203
1478965
1479605
1480338
1485140
1487956
1490524
1490581
1500580
1503037
1510616
1510859
1514466
1514550
1514811
1515582
1515760
1517664
1517948
1518392
1519221
1519911
1522193
1523209
1523353
1526311
1529024
1530314
1530763
1530801
1531398
1537330
1539498
1541156
1541784
1542244
1543705
1543798
1546429
1548261
1548601
1548930
1554414
1555177
1555479
1557461
1559580
1559751
1563677
1564194
1564835
1565170
1565188
1565256
1565323
1565675
1567723
1568566
1569708
1570254
1573585
1577867
1578750
1579186
1581067
1581236
1584843
1585066
1587726
1588128
1591628
1599278
1599838
1602590
1603329
1604815
1605070
1608259
1608554
1611617
1611867
1612326
1613543
1614463
1616426
1619034
1620567
1620991
1621731
1623597
1635603
1637220
1640147
1640159
1642148
1643321
1644253
1648086
1648497
1649412
1652974
1659351
1660048
1660274
1667923
1668659
1670410
1672408
1680191
1680743
1682440
1683833
1686131
1688118
1690538
1691231
1692019
1692225
1694001
1694263
1697873
1699161
1699911
1700314
1700693
1701048
1701450
1703278
1703775
1704229
1704936
1707179
1707603
1708706
1711681
1714012
1716702
1717486
1718126
1718376
1718535
1718898
1719225
1720218
1720788
1723376
1726498
1729507
1731313
1732797
1733759
1734177
1735194
1739033
1739702
1740624
1741412
1744469
1747003
1747074
1747087
1747968
1748454
1752808
1753347
1754759
1757520
1757869
1760143
1760320
1761226
1761244
1761462
1764535
1765740
1766426
1767701
1771955
1775022
1775752
1776492
1776998
1777039
1777991
1778320
1779444
1779643
1779945
1782408
1783467
1784406
1784797
1787877
1789580
1791039
1791361
1795551
1797671
1798321
1801639
1802272
1804520
1805184
1805927
1807205
1810999
1812166
1812736
1814242
1814386
1820225
1821408
1821638
1822307
1823366
1824999
1826215
1830537
1831069
1833858
1837192
1840849
1841688
1842930
1843650
1844600
1847096
1847615
1851794
1852573
1854112
1855395
1855931
1859682
1866450
1866611
1866644
1867952
1868013
1869478
1869612
1869750
1870035
1872239
1876955
1877252
1878554
1878969
1880485
1881188
1881305
1881596
1886004
1886524
1886723
1888230
1890028
1891742
1892095
1895146
1898919
1900611
1902788
1902815
1903382
1905716
1906796
1907437
1907566
1907979
1909147
1910045
1916493
1918360
1920932
1922001
1922290
1925486
1927088
1928713
1932200
1934564
1937519
1938663
1941038
1944068
1947137
1948092
1948257
1950776
1951547
1952620
1953314
1953496
1953835
1954770
1957769
1960069
1961450
1967521
1967789
1970113
1971014
1971434
1973271
1976200
1977593
1980077
1984139
1984276
1984601
1986170
1993581
1995281
1996957
1997805
1998514
2001200
2002109
2003340
2003947
2004659
2006901
2010902
2011780
2012264
2014265
2016829
2018012
2019150
2020795
2022234
2022529
2022807
2024120
2026236
2028520
2028923
2029461
2032443
2033969
2036553
2037446
2038003
2038899
2039888
2040644
2041373
2041761
2042695
2042765
2042815
2043026
2043333
2044417
2044685
2051283
2052924
2055322
2056012
2059368
2059571
2061533
2064556
2064788
2066552
2067195
2068688
2073526
2074667
2077204
2077808
2082995
2083779
2084305
2086429
2086891
2087084
2087448
2088026
2088320
2088423
2089227
2089820
2091574
2092327
2092811
2093156
2096365
2098170
2098778
2099599
2101103
2102074
2107653
2110376
2112874
2113124
2116632
2116893
2118123
2118809
2119047
2120996
2122679
2122827
2124259
2126444
2129299
2130832
2133523
2135558
2136851
2140888
2142290
2143397
2149345
2149751
2151197
2154388
2157572
2159065
2159310
2159627
2160296
2162626
2163068
2163448
2163641
2164577
2166320
2167169
2170147
2170226
2170306
2176682
2180093
2181217
2181863
2182158
2186190
2187676
2187950
2188033
2191734
2191752
2195804
2196039
2198442
2198814
2202515
2206416
2207815
2208236
2209422
2213158
2213361
2215520
2216703
2216855
2217110
2217169
2217827
2218921
2218950
2226972
2227139
2228554
2229287
2230473
2235300
2237080
2238503
2240374
2241071
2241174
2242781
2243740
2243997
2245179
2247407
2248791
2249381
2249538
2250378
2257092
2257387
2260446
2262592
2262881
2266937
2268842
2270465
2274346
2277676
2281953
2282262
2284816
2285082
2285480
2286718
2287034
2287760
2289902
2290738
2290985
2292478
2293105
2293255
2293897
2296900
2299842
2299869
2299923
2301111
2304209
2305754
2306272
2306415
2307018
2313413
2313679
2314299
2314619
2314891
2319361
2320173
2321836
2322910
2324277
2325086
2325355
2326124
2328344
2328401
2329219
2329330
2331290
2334901
2335020
2335125
2337559
2341967
2342114
2342780
2343393
2345492
2345957
2346320
2346506
2347397
2347664
2350670
2352732
2353452
2355226
2356780
2357444
2357616
2363712
2367785
2371772
2372311
2374692
2374796
2375030
2375555
2379437
2380642
2380953
2381488
2384934
2388197
2388300
2389055
2389072
2389398
2389861
2390854
2391834
2392597
2393017
2393619
2393732
2393979
2394094
2394326
2395969
2396268
2399359
2402438
2403645
2406309
2406589
2407359
2408259
2410863
2412777
2413373
2414805
2415983
2417072
2418286
2418526
2422196
2422856
2423181
2425244
2426754
2428408
2428539
2429020
2431169
2431605
2433367
2438872
2439249
2439788
2441129
2442954
2444332
2445158
2449228
2451075
2452749
2454403
2455296
2455650
2456037
2460090
2461970
2463011
2463565
2465777
2467571
2469984
2471475
2473795
2473963
2475032
2477526
2479554
2479751
2480103
2480589
2480686
2481419
2482440
2483012
2483372
2484069
2484473
2484540
2484634
2486420
2486459
2486568
2487152
2487243
2491766
2497066
2498878
2501847
2503907
2505228
2505366
2508129
2511907
2512244
2513277
2513438
2513932
2514274
2514767
2516299
2518293
2520971
2521219
2522101
2524575
2525631
2525721
2526021
2527196
2528403
2530060
2530195
2532206
2535193
2535410
2536204
2536833
2536961
2539869
2543348
2545933
2546539
2548201
2548470
2552767
2553111
2554349
2554385
2555384
2556184
2558258
2558260
2561018
2562887
2564184
2564537
2564824
2567086
2568157
2568988
2570318
2571964
2572221
2576795
2577570
2578175
2579170
2585653
2585831
2588390
2588556
2588788
2589177
2594367
2596053
2597531
2598454
2599373
2600379
2603394
2603486
2603635
2604461
2605214
2605237
2605657
2605990
2607559
2608268
2613908
2615695
2616733
2616868
2618015
2618605
2618873
2619248
2620313
2623552
2623827
2628007
2628238
2628477
2629282
2631546
2637243
2637926
2638690
2640032
2641473
2642397
2644823
2647072
2647141
2658266
2660010
2662476
2662673
2666399
2670079
2670273
2670426
2671400
2671978
2672683
2672722
2673361
2677142
2681491
2684139
2684405
2685341
2686210
2686398
2687475
2688914
2690205
2692108
2695539
2696559
2697407
2700333
2700710
2701091
2701781
2701902
2704021
2704522
2704773
2708575
2708816
2709278
2710421
2711466
2713699
2714489
2714685
2715103
2719209
2720895
2721545
2722676
2724573
2725761
2730335
2730740
2730911
2732001
2732858
2732897
2733589
2734339
2735565
2736462
2738477
2739271
2739991
2740728
2740906
2745782
2751845
2752782
2753052
2753559
2755879
2756960
2758714
2759506
2762043
2764519
2767069
2767473
2769362
2769687
2770033
2770631
2771183
2776965
2777062
2777380
2778663
2780917
2784408
2788209
2788943
2789313
2790956
2792222
2794848
2796504
2796959
2798164
2799500
2801597
2804272
2805566
2807094
2807534
2807623
2810214
2810739
2810919
2812951
2815364
2817049
2817608
2818406
2818940
2819662
2821165
2821644
2821713
2826239
2826926
2828409
2829371
2829703
2831139
2833024
2833090
2840730
2841548
2841958
2842912
2843092
2843877
2844032
2844097
2844195
2844245
2844289
2847847
2848610
2849358
2856093
2856797
2858738
2860051
2860474
2861273
2863955
2864045
2867310
2867720
2868238
2868305
2873667
2874685
2874868
2875358
2878888
2879496
2879540
2882413
2883186
2884554
2886324
2888850
2890550
2892682
2893600
2894788
2897276
2898599
2898991
2899889
2903964
2906128
2906997
2914741
2914934
2915843
2917032
2920230
2922504
2924789
2925874
2926807
2929666
2931346
2931731
2932775
2936024
2936817
2937031
2943893
2946583
2946782
2947209
2948066
2949327
2951157
2952497
2953009
2953667
2955413
2957061
2957465
2959115
2959939
2960464
2961314
2962623
2963992
2965865
2966602
2970850
2971270
2973647
2974291
2975318
2978150
2978168
2980757
2980829
2980870
2980960
2981556
2983963
2986984
2989840
2991448
2991501
2992293
2997764
2998825
2998887
3000539
3000906
3002740
3004866
3008535
3010742
3011427
3013858
3015145
3015250
3016098
3018575
3018715
3021524
3022533
3022964
3023627
3025182
3025275
3027363
3031784
3032995
3034722
3037796
3040564
3042922
3044657
3048820
3049680
3052352
3053287
3054590
3056558
3057159
3060722
3061001
3062005
3062871
3063060
3066271
3068051
3070284
3075635
3075680
3076133
3079665
3080605
3083040
3085274
3085683
3086970
3090101
3092063
3093991
3095222
3097360
3102464
3102622
3102962
3103432
3104115
3105170
3106875
3107798
3111458
3112330
3114278
3117685
3120299
3126452
3126673
3127822
3128253
3128326
3129046
3129112
3132180
3132381
3134558
3135033
3135924
3135955
3137619
3138250
3139171
3142019
3142889
3143233
3144140
3144875
3145979
3147454
3149062
3150002
3152607
3154083
3155598
3157113
3157621
3159020
3159082
3159332
3163268
3166533
3169458
3169639
3170769
3171427
3171676
3172383
3173941
3174796
3175161
3176475
3178821
3179000
3179173
3179533
3180914
3183069
3183166
3185014
3195077
3195796
3196909
3198859
3200268
3201285
3201348
3203292
3203873
3206505
3208518
3211413
3211827
3211862
3212209
3213608
3214549
3220141
3220780
3223927
3226345
3228410
3228909
3230588
3232094
3233396
3236040
3236336
3236737
3237915
3239964
3240849
3241016
3245915
3245933
3248758
3249124
3249387
3250005
3250064
3250154
3250587
3250770
3255299
3259161
3259814
3263172
3264320
3267319
3268099
3269358
3269500
3270198
3271267
3271940
3272268
3273427
3274945
3275597
3276253
3276467
3278969
3280579
3280950
3282014
3282163
3283196
3283278
3286870
3289654
3291836
3293439
3294865
3299080
3299543
3300692
3301085
3306644
3307460
3308826
3321758
3324602
3325526
3328513
3332493
3336189
3336491
3336524
3336865
3337140
3338587
3338706
3340747
3341397
3341640
3342512
3343779
3345992
3350152
3350798
3350841
3350932
3351847
3353265
3354173
3356258
3356427
3356950
3359424
3361898
3362405
3362431
3362498
3367096
3367128
3367399
3368278
3368515
3369715
3371678
3372021
3372259
3372840
3373305
3375135
3377182
3378561
3378963
3379447
3379897
3381674
3385059
3386938
3387571
3390333
3392033
3392214
3392768
3393568
3393674
3394050
3394208
3395202
3396363
3397225
3400450
3401717
3402230
3409531
3409676
3410246
3410891
3413683
3414608
3414983
3416006
3416092
3417801
3420145
3421668
3422745
3423214
3424414
3425195
3426557
3427124
3427374
3428287
3428658
3429840
3430545
3433729
3433737
3438254
3439387
3442499
3447210
3449316
3449321
3452647
3452712
3455627
3457032
3458389
3461609
3461959
3463957
3465637
3466926
3470273
3472518
3473629
3476570
3477241
3479018
3480160
3482797
3485755
3487296
3488396
3490895
3491795
3492314
3493202
3494596
3495224
3509926
3510311
3511109
3511546
3513458
3513866
3514449
3514586
3514943
3518709
3518998
3519877
3522618
3526581
3526620
3528064
3529529
3533416
3537329
3537801
3538552
3539584
3540334
3542196
3546971
3547180
3547616
3550181
3554129
3554834
3555290
3555408
3555482
3555826
3555965
3558150
3558195
3560723
3562035
3562577
3563862
3563963
3564149
3564377
3564520
3564533
3564887
3568713
3571953
3573973
3574342
3575467
3577384
3578295
3579939
3580075
3583642
3588526
3589441
3592633
3595794
3597872
3598614
3598665
3598727
3603350
3610263
3610941
3613341
3617044
3617143
3617234
3623812
3623831
3624844
3625173
3631806
3632316
3632406
3633006
3633205
3634774
3634863
3635182
3635211
3638179
3639446
3639698
3640923
3641139
3641592
3642393
3643072
3644798
3644909
3646720
3649157
3649844
3651482
3652497
3652934
3655716
3656393
3658814
3663013
3665301
3667312
3667357
3667746
3667767
3669061
3672120
3672392
3676547
3677393
3677641
3678366
3678613
3683702
3684162
3685836
3690698
3690924
3692962
3692996
3696906
3697073
3698000
3703800
3705483
3705934
3706231
3706493
3706913
3714679
3717054
3717123
3717826
3718917
3719143
3720360
3720936
3721183
3721665
3724042
3724854
3726198
3727694
3728437
3728931
3729877
3731172
3731286
3733805
3733942
3736150
3736613
3736680
3737743
3739284
3740192
3741953
3744400
3745873
3746805
3748647
3750787
3755659
3758190
3758821
3760471
3765223
3766344
3769585
3769609
3771117
3771870
3773954
3776746
3779110
3782337
3783117
3786076
3787727
3790438
3793896
3795725
3795890
3796244
3796755
3799334
3801169
3801777
3802010
3802283
3804908
3807050
3809677
3812912
3814725
3814742
3816165
3818687
3819015
3824481
3824641
3827780
3828452
3829520
3830078
3830396
3831905
3832117
3834057
3834199
3835338
3838614
3838751
3839386
3842078
3844118
3844395
3844783
3846226
3846724
3847954
3848048
3851208
3854166
3858783
3859303
3862305
3862504
3864415
3865905
3869590
3873196
3873453
3873566
3874187
3875864
3875898
3882183
3883845
3885503
3889408
3892409
3894223
3894922
3901449
3904317
3904762
3905829
3907551
3908766
3912961
3913371
3914136
3915360
3917797
3921777
3926316
3926797
3928060
3928289
3930243
3930519
3931591
3932745
3933332
3934201
3936781
3937387
3937509
3939812
3940078
3941838
3943260
3948084
3949402
3949530
3951331
3951861
3952279
3952417
3952493
3954311
3958792
3959699
3960711
3961026
3962762
3966181
3966428
3968311
3968545
3974365
3975675
3977829
3978343
3979946
3979967
3980409
3981417
3981511
3984385
3987593
3991295
3991590
3992201
3993511
3994289
3995091
3998140
3998415
3999375
3999862
4002113
4002355
4006068
4006812
4007299
4008469
4010775
4014888
4020335
4020507
4021057
4022577
4022826
4024607
4027868
4028845
4036080
4036459
4038076
4038235
4040195
4042804
4044805
4045548
4046815
4049931
4050131
4052507
4054765
4057457
4060505
4063406
4063441
4065606
4066176
4067521
4071544
4073840
4074992
4079671
4079911
4081731
4084234
4085846
4086048
4086735
4088219
4088420
4094242
4097987
4099180
4099199
4100879
4102052
4108539
4112626
4114860
4115321
4123867
4123939
4127588
4128857
4133213
4134270
4134467
4135448
4136018
4136216
4136841
4140417
4143764
4144908
4147987
4148075
4150128
4152351
4155601
4155949
4156329
4157493
4158817
4166550
4168964
4172300
4175285
4178360
4180210
4181272
4181761
4181988
4183102
4186751
4188491
4189586
4195193
4195892
4196122
4197551
4198597
4200204
4204494
4206479
4207174
4207640
4209128
4211864
4212315
4213639
4214275
4216304
4216970
4217284
4217295
4217403
4228113
4231097
4231479
4232501
4234004
4234367
4234911
4235411
4238552
4240641
4243053
4243231
4243946
4244371
4245297
4246357
4246551
4246713
4248263
4249191
4251851
4253096
4253367
4256267
4257271
4258824
4260378
4264368
4266676
4266921
4267257
4267264
4267279
4268024
4268660
4268834
4270416
4271164
4271304
4274649
4279755
4282015
4282125
4282777
4284266
4284352
4285399
4287959
4290953
4291594
4293120
4297333
4298111
4303229
4303401
4305479
4307029
4308379
4309328
4309653
4311743
4312968
4313096
4315207
4316235
4317175
4319729
4320170
4320238
4321728
4322815
4324999
4325446
4326126
4327384
4327758
4329314
4339222
4340344
4340795
4345364
4347814
4348377
4348672
4350098
4350917
4357743
4358297
4360864
4361837
4362441
4363205
4365645
4366256
4366504
4366959
4367319
4368080
4369589
4374113
4374372
4376480
4377553
4380091
4383711
4386705
4386932
4388569
4390492
4391855
4392158
4392175
4394239
4395324
4396850
4397984
4398545
4400133
4402240
4402597
4405903
4410022
4412666
4413598
4415070
4417431
4419861
4420005
4421070
4423050
4431581
4431853
4433604
4436585
4438362
4442688
4445411
4446342
4446400
4447984
4448270
4449415
4453848
4454978
4455885
4458062
4458548
4460890
4462332
4462576
4464282
4464328
4464653
4465399
4467549
4469869
4471907
4472564
4475459
4476034
4476515
4479167
4479684
4479737
4480806
4480975
4481820
4481833
4484842
4489463
4490125
4490253
4492058
4494822
4495421
4499884
4500434
4501480
4501664
4501972
4508667
4509765
4509815
4511682
4513037
4514635
4515275
4516323
4518550
4519033
4519326
4520245
4525536
4529185
4542752
4542832
4543094
4544278
4544998
4545060
4546087
4546867
4546902
4547662
4551606
4552678
4552881
4553411
4553621
4554676
4554939
4555379
4555852
4557128
4557870
4559190
4559257
4559428
4560556
4561155
4561696
4561843
4561877
4563424
4564433
4567253
4569062
4570388
4571287
4578432
4580052
4580127
4581996
4585113
4587353
4588750
4589970
4590129
4593506
4594759
4594901
4595589
4595830
4603123
4603700
4603937
4610007
4615033
4615467
4617547
4617760
4617905
4618712
4623442
4624780
4625832
4625937
4627727
4629621
4629639
4632236
4632255
4633103
4633686
4633919
4634368
4635819
4639653
4640186
4642085
4644432
4646103
4646309
4652369
4653838
4654576
4655361
4655956
4655991
4658934
4659951
4663048
4663982
4665458
4666136
4666493
4668981
4669112
4669224
4669883
4670059
4670827
4674194
4675800
4677403
4678395
4679092
4680113
4683175
4684789
4685470
4688564
4688693
4689117
4689335
4689779
4691027
4691399
4692711
4694537
4695939
4695950
4696106
4697005
4697808
4697882
4698420
4699750
4703069
4703854
4706214
4706288
4708132
4708956
4709611
4711707
4712292
4715216
4715425
4715469
4718400
4721740
4722709
4722758
4723509
4730279
4730526
4731795
4733100
4736931
4739503
4741994
4744265
4746128
4746837
4751431
4752132
4755307
4756733
4757748
4760364
4761875
4766578
4767508
4767760
4770438
4773375
4774343
4774559
4774825
4775486
4776166
4776314
4776512
4777006
4778129
4779773
4781050
4781271
4783706
4785611
4785675
4786466
4786482
4788655
4789715
4791922
4792701
4795624
4798166
4799399
4802060
4803602
4807189
4808196
4809895
4809978
4811218
4811273
4811882
4813500
4815985
4816854
4817476
4817839
4818129
4818683
4821394
4824117
4827430
4828743
4830055
4831860
4832788
4833412
4833601
4835360
4837465
4838997
4839899
4839995
4841041
4843043
4845118
4847612
4848211
4852130
4853651
4854514
4854787
4856225
4856915
4859657
4860509
4862512
4865858
4869616
4870320
4871579
4873290
4873832
4875268
4875555
4878338
4880826
4881810
4882926
4885708
4885895
4886768
4886851
4887703
4888796
4893465
4893856
4896608
4897263
4897327
4899855
4900034
4902328
4903192
4903225
4903416
4905218
4907950
4908288
4910209
4911364
4912088
4913093
4914241
4915407
4915898
4921407
4922537
4925504
4926789
4927491
4927975
4927983
4930765
4932484
4932845
4933472
4938042
4938724
4939354
4939378
4940799
4941255
4943150
4943479
4943703
4944205
4944325
4944782
4947076
4947384
4953568
4955018
4957915
4959905
4960198
4960988
4962666
4964788
4964900
4965065
4969242
4970490
4971096
4973511
4978482
4979047
4979963
4980264
4981948
4985482
4986339
4990491
4990705
4991556
4992466
4992521
4993142
4996977
4997155
4997489
4997597
4998106
5003575
5007900
5008263
5009332
5012611
5013436
5014013
5015515
5021810
5022615
5026605
5027506
5030579
5031129
5031660
5033711
5036659
5040325
5040476
5042902
5043806
5045415
5045860
5046045
5046810
5050671
5053827
5054235
5057387
5059974
5061043
5065170
5065780
5067911
5071276
5079318
5084434
5092623
5092896
5095659
5097129
5097269
5097331
5098604
5102363
5102900
5103168
5104257
5104967
5106266
5107566
5108380
5108563
5109306
5110093
5110406
5113504
5113920
5115101
5116747
5118605
5123015
5123593
5126634
5126822
5127325
5127843
5132565
5133122
5135165
5135443
5138246
5138437
5138964
5140026
5140075
5142679
5142795
5143131
5143304
5143988
5146098
5148782
5150263
5152456
5155240
5156125
5156191
5159800
5160790
5162014
5162511
5163127
5169622
5171673
5173132
5179313
5180039
5180670
5185275
5187122
5188521
5192260
5193829
5195164
5195385
5197641
5198261
5198347
5198601
5201293
5201514
5202002
5204030
5207306
5207505
5208174
5208191
5212264
5213441
5217728
5220214
5222423
5227442
5228607
5230409
5232141
5235957
5236738
5236951
5237963
5238473
5239888
5240357
5244014
5246513
5249557
5251693
5252640
5255633
5257024
5259619
5259663
5260521
5260674
5261887
5263108
5263418
5264695
5268749
5269402
5270727
5271152
5271944
5272648
5272663
5273181
5275822
5277381
5280155
5284780
5287294
5287463
5290572
5291064
5291146
5292123
5296115
5302085
5304381
5305816
5306047
5306066
5308599
5313752
5314215
5314670
5315313
5315779
5316952
5318532
5319979
5321524
5321572
5322636
5322797
5323205
5323417
5323884
5328691
5328793
5329094
5330181
5330782
5331849
5336196
5336246
5338252
5340921
5342445
5343299
5344214
5344576
5344784
5345039
5348432
5348621
5350594
5355355
5356715
5357916
5359433
5360767
5362319
5363359
5365253
5368555
5368757
5369258
5370723
5371737
5375412
5376822
5377560
5380066
5382116
5382962
5384676
5387786
5389119
5392421
5392947
5395321
5395547
5396394
5399202
5403023
5403444
5406858
5409223
5410403
5411833
5412054
5412875
5413071
5415032
5420957
5422109
5424062
5425934
5429471
5431131
5431568
5434338
5434445
5437453
5437711
5440556
5440934
5441212
5441747
5443282
5445017
5445923
5446060
5446613
5448038
5448194
5448943
5450050
5451145
5451620
5453627
5455430
5455540
5457706
5457894
5458447
5459777
5460839
5465521
5467282
5467513
5469475
5469497
5471108
5475694
5476079
5478264
5480198
5480941
5482806
5483719
5485771
5490950
5491305
5493905
5499457
5502047
5516266
5517838
5518399
5520708
5520895
5521142
5525290
5528699
5529251
5529319
5529684
5534711
5535116
5535234
5535289
5536763
5536880
5538323
5540568
5541173
5541672
5543314
5543724
5543899
5544643
5545816
5554716
5556666
5557272
5559787
5560838
5562021
5566476
5566946
5567182
5572184
5572412
5572881
5573859
5574531
5575495
5578017
5579544
5585343
5588010
5590637
5592162
5592856
5593489
5595226
5597230
5604256
5604287
5605625
5607614
5608412
5608565
5610282
5616675
5618494
5618550
5619605
5622528
5622885
5623550
5624751
5625243
5628597
5629566
5629582
5630105
5630385
5632524
5634444
5636253
5641409
5641695
5642022
5644869
5644986
5645506
5646557
5647967
5657367
5658196
5659782
5662889
5664897
5665758
5668531
5669608
5670512
5670854
5673339
5673571
5675111
5675424
5675490
5675578
5676870
5677539
5678556
5678591
5678882
5679553
5683800
5684487
5686342
5687329
5688593
5688990
5690908
5695679
5696762
5697246
5704368
5705457
5705601
5705725
5706283
5709903
5711623
5711739
5712115
5716316
5718918
5723371
5728581
5730756
5732358
5733858
5734501
5735096
5736569
5737609
5738771
5739520
5741762
5744707
5745861
5747837
5751092
5751391
5751802
5752323
5753522
5757480
5759117
5759563
5760002
5761301
5761313
5762758
5764457
5765244
5765846
5766504
5769990
5770415
5770965
5772469
5772740
5773755
5774497
5774650
5778126
5780341
5781644
5781947
5782417
5783838
5786051
5789930
5790709
5790810
5791009
5792183
5799099
5799349
5800736
5801421
5806563
5807236
5809881
5811566
5812335
5818831
5818886
5818942
5824179
5825173
5825429
5826774
5827686
5829563
5833685
5835586
5836137
5836225
5836845
5837677
5837993
5839229
5840571
5841139
5842925
5843019
5843129
5843596
5845146
5845154
5846006
5846065
5846747
5850269
5850551
5852741
5854868
5855478
5855795
5858145
5858410
5860951
5861835
5862142
5863521
5865682
5866503
5868967
5871326
5871375
5871750
5872069
5874658
5876045
5878195
5878592
5879064
5879167
5879525
5881285
5881348
5882447
5888331
5888551
5889144
5893178
5893483
5898437
5899627
5900122
5904789
5906738
5908628
5910191
5910849
5911448
5913381
5913770
5917027
5917474
5917926
5920091
5920258
5920867
5921398
5921722
5924827
5925463
5927793
5928363
5928381
5928833
5936264
5937418
5940490
5946225
5947178
5947319
5949142
5949721
5951589
5951784
5955809
5958703
5967205
5970402
5976126
5977979
5978723
5978975
5979418
5987055
5988843
5991465
5991998
5995006
5997276
5997654
5998016
6000239
6002502
6003896
6005293
6006314
6006365
6007884
6009002
6011059
6011545
6012943
6013018
6016797
6018347
6019064
6020072
6021700
6022307
6023168
6024935
